%YAML:1.0

imu: 1
num_of_cam: 2

imu_topic: "/imu/data_raw"
image0_topic: "/stereo/left/image_raw"
image1_topic: "/stereo/right/image_raw"
output_path: "/home/ivlab3/vins_project/results/vins_eval_results/KAIST_urban28_pankyo_fixed/"

cam0_calib: "cam0_kaist.yaml"
cam1_calib: "cam1_kaist.yaml"

image_width: 1280
image_height: 560

use_gpu         : 0
use_gpu_acc_flow: 0
use_gpu_ceres   : 0

estimate_extrinsic: 0

body_T_cam0: !!opencv-matrix
   rows: 4
   cols: 4
   dt: d
   data: [ 8.8655590298509779e-03, -7.7657153843456728e-03,
       9.9993054535185477e-01, 1.7697114752462384e+00,
       -9.9995874110318816e-01, 1.9105504526294448e-03,
       8.8806468399100225e-03, 2.4661075517866243e-01,
       -1.9793823318075554e-03, -9.9996802121944750e-01,
       -7.7484568816785782e-03, -6.1015967351449693e-02,
       0., 0., 0., 1. ]

body_T_cam1: !!opencv-matrix
   rows: 4
   cols: 4
   dt: d
   data: [ 6.3059937283432843e-03, -2.9682127295655447e-03,
       9.9997571178318645e-01, 1.7801324503184210e+00,
       -9.9998010455687791e-01, 1.3918803614465514e-04,
       6.3064345795549315e-03, -2.3076525935866463e-01,
       -1.5790349491284772e-04, -9.9999558516019604e-01,
       -2.9672759567751505e-03, -6.3535087815801708e-02,
       0., 0., 0., 1. ]

multiple_thread: 1

max_cnt: 150
min_dist: 30
freq: 10
F_threshold: 1.0
show_track: 1
flow_back: 1

max_solver_time: 0.04
max_num_iterations: 8
keyframe_parallax: 10.0

acc_n: 0.1
gyr_n: 0.01
acc_w: 0.001
gyr_w: 0.0001
g_norm: 9.81007

estimate_td: 0
td: 0.0

load_previous_pose_graph: 0
pose_graph_save_path: "/home/ivlab3/vins_project/results/vins_eval_results/KAIST_urban28_pankyo_fixed/pose_graph/"
save_image: 1