image_width: 640
image_height: 360

camera_matrix:
  rows: 3
  cols: 3
  data:
    - 317.0431199837856
    - 0.0
    - 320.0
    - 0.0
    - 317.0431199837856
    - 180.0
    - 0.0
    - 0.0
    - 1.0

distortion_model: plumb_bob

distortion_coefficients:
  rows: 1
  cols: 5
  data:
    - 0.0
    - 0.0
    - 0.0
    - 0.0
    - 0.0

rectification_matrix:
  rows: 3
  cols: 3
  data:
    - 1.0
    - 0.0
    - 0.0
    - 0.0
    - 1.0
    - 0.0
    - 0.0
    - 0.0
    - 1.0

projection_matrix:
  rows: 3
  cols: 4
  data:
    - 317.0431199837856
    - 0.0
    - 320.0
    - 0.0
    - 0.0
    - 317.0431199837856
    - 180.0
    - 0.0
    - 0.0
    - 0.0
    - 1.0
    - 0.0